0.000000 0.000000 0.000000 0.000000 0.000000 0.000000 0.000000 0.000000 0.000000 0.000000 0.000000 0.000000 0.000000 0.000000 0.000000 0.000000 0.000000 0.000000 0.000000 0.000000 0.000000 0.000000 0.000000 0.000000 0.000000 0.000000 0.000000 0.000000 0.000000 0.000000 
-53.179163 -41.240080 -37.319841 -36.029990 -35.603467 -35.460736 -35.411671 -35.393855 -35.386752 -35.383575 -35.382050 -35.381393 -35.381313 -35.381689 -35.382459 -35.383587 -35.385052 -35.386844 -35.388969 -35.391460 -35.394416 -35.398109 -35.403308 -35.412257 -35.431649 -35.481658 -35.623476 -36.043204 -37.307577 -41.143481 
-53.179163 -41.240080 -37.319841 -36.029990 -35.603467 -35.460736 -35.411671 -35.393855 -35.386752 -35.383575 -35.382050 -35.381393 -35.381313 -35.381689 -35.382459 -35.383587 -35.385052 -35.386844 -35.388969 -35.391460 -35.394416 -35.398109 -35.403308 -35.412257 -35.431649 -35.481658 -35.623476 -36.043204 -37.307577 -41.143481 
-53.179163 -41.240080 -37.319841 -36.029990 -35.603467 -35.460736 -35.411671 -35.393855 -35.386752 -35.383575 -35.382050 -35.381393 -35.381313 -35.381689 -35.382459 -35.383587 -35.385052 -35.386844 -35.388969 -35.391460 -35.394416 -35.398109 -35.403308 -35.412257 -35.431649 -35.481658 -35.623476 -36.043204 -37.307577 -41.143481 
-76.175026 -63.804679 -58.997151 -56.877586 -55.802619 -55.200347 -54.857194 -54.681939 -54.626851 -54.660692 -54.758961 -54.899935 -55.062722 -55.226022 -55.367136 -55.461049 -55.479471 -55.389785 -55.153834 -54.726436 -54.053477 -53.069235 -51.692025 -49.815705 -47.289849 -43.867272 -39.055142 -31.678329 -18.580144 0.000000 
-76.289925 -63.918615 -59.109101 -56.987664 -55.911196 -55.307781 -54.963753 -54.787778 -54.732002 -54.765061 -54.862316 -55.001894 -55.162737 -55.323356 -55.460839 -55.549923 -55.562027 -55.464184 -55.217761 -54.776822 -54.085748 -53.075107 -51.652919 -49.682774 -46.923204 -42.850751 -36.131530 -23.026982 0.000000 0.000000 
-76.303907 -63.932441 -59.122594 -57.000819 -55.924044 -55.320353 -54.976066 -54.799828 -54.743767 -54.776500 -54.873365 -55.012466 -55.172715 -55.332595 -55.469157 -55.557098 -55.567786 -55.468184 -55.219552 -54.775734 -54.080569 -53.063123 -51.627003 -49.622534 -46.768004 -42.417467 -34.863744 -19.230138 0.000000 0.000000 
-76.303907 -63.932441 -59.122594 -57.000819 -55.924044 -55.320353 -54.976066 -54.799828 -54.743767 -54.776500 -54.873365 -55.012466 -55.172715 -55.332595 -55.469157 -55.557098 -55.567786 -55.468184 -55.219552 -54.775734 -54.080569 -53.063123 -51.627003 -49.622534 -46.768004 -42.417467 -34.863744 -19.230138 0.000000 0.000000 
-76.303907 -63.932441 -59.122594 -57.000819 -55.924044 -55.320353 -54.976066 -54.799828 -54.743767 -54.776500 -54.873365 -55.012466 -55.172715 -55.332595 -55.469157 -55.557098 -55.567786 -55.468184 -55.219552 -54.775734 -54.080569 -53.063123 -51.627003 -49.622534 -46.768004 -42.417467 -34.863744 -19.230138 0.000000 0.000000 
-99.705664 -86.899040 -81.193739 -78.234239 -76.502154 -75.433148 -74.789728 -74.451282 -74.342257 -74.406305 -74.595986 -74.867859 -75.179560 -75.487627 -75.745603 -75.902186 -75.899260 -75.669627 -75.134089 -74.197103 -72.738790 -70.596892 -67.519458 -63.030174 -56.029845 -43.597054 -17.352794 0.000000 0.000000 0.000000 
-99.798301 -86.990502 -81.282675 -78.320544 -76.586005 -75.514702 -74.869035 -74.528262 -74.416684 -74.477805 -74.664019 -74.931706 -75.238300 -75.540110 -75.790412 -75.937576 -75.923053 -75.678956 -75.124728 -74.161512 -72.660280 -70.431968 -67.144117 -62.076286 -53.386346 -35.888907 0.000000 0.000000 0.000000 0.000000 
-99.809472 -87.001516 -81.293347 -78.330856 -76.595971 -75.524338 -74.878340 -74.537218 -74.425255 -74.485934 -74.671627 -74.938690 -75.244532 -75.545429 -75.794618 -75.940421 -75.924208 -75.677937 -75.120666 -74.152481 -72.641260 -70.388637 -67.033953 -61.770949 -52.495979 -33.226324 0.000000 0.000000 0.000000 0.000000 
-99.809472 -87.001516 -81.293347 -78.330856 -76.595971 -75.524338 -74.878340 -74.537218 -74.425255 -74.485934 -74.671627 -74.938690 -75.244532 -75.545429 -75.794618 -75.940421 -75.924208 -75.677937 -75.120666 -74.152481 -72.641260 -70.388637 -67.033953 -61.770949 -52.495979 -33.226324 0.000000 0.000000 0.000000 0.000000 
-99.809472 -87.001516 -81.293347 -78.330856 -76.595971 -75.524338 -74.878340 -74.537218 -74.425255 -74.485934 -74.671627 -74.938690 -75.244532 -75.545429 -75.794618 -75.940421 -75.924208 -75.677937 -75.120666 -74.152481 -72.641260 -70.388637 -67.033953 -61.770949 -52.495979 -33.226324 0.000000 0.000000 0.000000 0.000000 
-123.439082 -110.192943 -103.582788 -99.775716 -97.379058 -95.835990 -94.884808 -94.375158 -94.203272 -94.287285 -94.556368 -94.944871 -95.388404 -95.820706 -96.170797 -96.360103 -96.299205 -95.883556 -94.986498 -93.444826 -91.022749 -87.311527 -81.435050 -71.166405 -50.252046 -0.275373 0.000000 0.000000 0.000000 0.000000 
-123.439082 -110.192943 -103.582788 -99.775716 -97.379058 -95.835990 -94.884808 -94.375158 -94.203272 -94.287285 -94.556368 -94.944871 -95.388404 -95.820706 -96.170797 -96.360103 -96.299205 -95.883556 -94.986498 -93.444826 -91.022749 -87.311527 -81.435050 -71.166405 -50.252046 -0.275373 0.000000 0.000000 0.000000 0.000000 
-123.439082 -110.192943 -103.582788 -99.775716 -97.379058 -95.835990 -94.884808 -94.375158 -94.203272 -94.287285 -94.556368 -94.944871 -95.388404 -95.820706 -96.170797 -96.360103 -96.299205 -95.883556 -94.986498 -93.444826 -91.022749 -87.311527 -81.435050 -71.166405 -50.252046 -0.275373 0.000000 0.000000 0.000000 0.000000 
-147.068693 -133.384370 -125.872228 -121.220577 -118.162145 -116.147641 -114.891276 -114.213097 -113.981289 -114.088636 -114.441108 -114.951051 -115.532276 -116.095984 -116.546976 -116.779785 -116.674202 -116.089175 -114.852330 -112.737170 -109.404238 -104.234418 -95.836147 -80.561861 -48.008113 0.000000 0.000000 0.000000 0.000000 0.000000 
-147.132225 -133.446922 -125.932638 -121.278686 -118.218014 -116.201317 -114.942716 -114.262151 -114.027689 -114.131987 -114.480881 -114.986563 -115.562676 -116.120208 -116.563688 -116.787209 -116.669691 -116.067947 -114.803695 -112.633100 -109.164602 -103.621075 -94.130044 -75.578414 -33.094540 0.000000 0.000000 0.000000 0.000000 0.000000 
-147.132225 -133.446922 -125.932638 -121.278686 -118.218014 -116.201317 -114.942716 -114.262151 -114.027689 -114.131987 -114.480881 -114.986563 -115.562676 -116.120208 -116.563688 -116.787209 -116.669691 -116.067947 -114.803695 -112.633100 -109.164602 -103.621075 -94.130044 -75.578414 -33.094540 0.000000 0.000000 0.000000 0.000000 0.000000 
-147.132225 -133.446922 -125.932638 -121.278686 -118.218014 -116.201317 -114.942716 -114.262151 -114.027689 -114.131987 -114.480881 -114.986563 -115.562676 -116.120208 -116.563688 -116.787209 -116.669691 -116.067947 -114.803695 -112.633100 -109.164602 -103.621075 -94.130044 -75.578414 -33.094540 0.000000 0.000000 0.000000 0.000000 0.000000 
-170.825904 -156.701429 -148.282998 -142.782145 -139.057441 -136.567097 -135.001058 -134.149558 -133.852497 -133.977055 -134.405729 -135.028556 -135.737203 -136.419915 -136.956720 -137.214378 -137.040138 -136.252159 -134.620482 -131.820496 -127.304436 -119.925454 -106.810660 -79.948425 -15.811350 0.000000 0.000000 0.000000 0.000000 0.000000 
-170.825904 -156.701429 -148.282998 -142.782145 -139.057441 -136.567097 -135.001058 -134.149558 -133.852497 -133.977055 -134.405729 -135.028556 -135.737203 -136.419915 -136.956720 -137.214378 -137.040138 -136.252159 -134.620482 -131.820496 -127.304436 -119.925454 -106.810660 -79.948425 -15.811350 0.000000 0.000000 0.000000 0.000000 0.000000 
-170.825904 -156.701429 -148.282998 -142.782145 -139.057441 -136.567097 -135.001058 -134.149558 -133.852497 -133.977055 -134.405729 -135.028556 -135.737203 -136.419915 -136.956720 -137.214378 -137.040138 -136.252159 -134.620482 -131.820496 -127.304436 -119.925454 -106.810660 -79.948425 -15.811350 0.000000 0.000000 0.000000 0.000000 0.000000 
-194.519583 -179.955935 -170.633357 -164.285604 -159.896868 -156.932877 -155.059400 -154.036966 -153.677305 -153.822122 -154.330577 -155.070548 -155.911731 -156.719621 -157.349752 -157.641546 -157.410585 -156.436372 -154.437269 -151.007893 -145.444270 -136.229832 -119.491276 -84.318436 0.000000 0.000000 0.000000 0.000000 0.000000 0.000000 
-194.522395 -179.958701 -170.636019 -164.288152 -159.899304 -156.935200 -155.061608 -154.039048 -153.679247 -153.823903 -154.332169 -155.071915 -155.912830 -156.720394 -157.350125 -157.641406 -157.409724 -156.434321 -154.432791 -150.997439 -145.417280 -136.154403 -119.270466 -83.657002 0.000000 0.000000 0.000000 0.000000 0.000000 0.000000 
-194.522395 -179.958701 -170.636019 -164.288152 -159.899304 -156.935200 -155.061608 -154.039048 -153.679247 -153.823903 -154.332169 -155.071915 -155.912830 -156.720394 -157.350125 -157.641406 -157.409724 -156.434321 -154.432791 -150.997439 -145.417280 -136.154403 -119.270466 -83.657002 0.000000 0.000000 0.000000 0.000000 0.000000 0.000000 
-194.522395 -179.958701 -170.636019 -164.288152 -159.899304 -156.935200 -155.061608 -154.039048 -153.679247 -153.823903 -154.332169 -155.071915 -155.912830 -156.720394 -157.350125 -157.641406 -157.409724 -156.434321 -154.432791 -150.997439 -145.417280 -136.154403 -119.270466 -83.657002 0.000000 0.000000 0.000000 0.000000 0.000000 0.000000 
-218.249099 -203.245678 -193.017629 -185.821532 -180.767334 -177.328267 -175.145874 -173.950908 -173.526860 -173.689880 -174.275705 -175.129960 -176.100254 -177.029182 -177.747540 -178.066928 -177.770060 -176.594450 -174.196992 -170.062076 -163.240175 -151.573050 -129.358205 -80.260068 0.000000 0.000000 0.000000 0.000000 0.000000 0.000000 
-218.249099 -203.245678 -193.017629 -185.821532 -180.767334 -177.328267 -175.145874 -173.950908 -173.526860 -173.689880 -174.275705 -175.129960 -176.100254 -177.029182 -177.747540 -178.066928 -177.770060 -176.594450 -174.196992 -170.062076 -163.240175 -151.573050 -129.358205 -80.260068 0.000000 0.000000 0.000000 0.000000 0.000000 0.000000 
-218.249099 -203.245678 -193.017629 -185.821532 -180.767334 -177.328267 -175.145874 -173.950908 -173.526860 -173.689880 -174.275705 -175.129960 -176.100254 -177.029182 -177.747540 -178.066928 -177.770060 -176.594450 -174.196992 -170.062076 -163.240175 -151.573050 -129.358205 -80.260068 0.000000 0.000000 0.000000 0.000000 0.000000 0.000000 
-241.975803 -226.532655 -215.399239 -207.354912 -201.635363 -197.721334 -195.230141 -193.862768 -193.374473 -193.555858 -194.219242 -195.188004 -196.287679 -197.337969 -198.144954 -198.492450 -198.130396 -196.754579 -193.961193 -189.126713 -181.063070 -166.991697 -139.445943 -76.863134 0.000000 0.000000 0.000000 0.000000 0.000000 0.000000 
-241.975803 -226.532655 -215.399239 -207.354912 -201.635363 -197.721334 -195.230141 -193.862768 -193.374473 -193.555858 -194.219242 -195.188004 -196.287679 -197.337969 -198.144954 -198.492450 -198.130396 -196.754579 -193.961193 -189.126713 -181.063070 -166.991697 -139.445943 -76.863134 0.000000 0.000000 0.000000 0.000000 0.000000 0.000000 
-241.975803 -226.532655 -215.399239 -207.354912 -201.635363 -197.721334 -195.230141 -193.862768 -193.374473 -193.555858 -194.219242 -195.188004 -196.287679 -197.337969 -198.144954 -198.492450 -198.130396 -196.754579 -193.961193 -189.126713 -181.063070 -166.991697 -139.445943 -76.863134 0.000000 0.000000 0.000000 0.000000 0.000000 0.000000 
-265.702506 -249.819633 -237.780850 -228.888292 -222.503393 -218.114402 -215.314407 -213.774628 -213.222086 -213.421835 -214.162778 -215.246049 -216.475103 -217.646757 -218.542369 -218.917972 -218.490731 -216.914709 -213.725395 -208.191351 -198.885965 -182.410345 -149.533682 -73.466201 0.000000 0.000000 0.000000 0.000000 0.000000 0.000000 
-265.702506 -249.819633 -237.780850 -228.888292 -222.503393 -218.114402 -215.314407 -213.774628 -213.222086 -213.421835 -214.162778 -215.246049 -216.475103 -217.646757 -218.542369 -218.917972 -218.490731 -216.914709 -213.725395 -208.191351 -198.885965 -182.410345 -149.533682 -73.466201 0.000000 0.000000 0.000000 0.000000 0.000000 0.000000 
-265.702506 -249.819633 -237.780850 -228.888292 -222.503393 -218.114402 -215.314407 -213.774628 -213.222086 -213.421835 -214.162778 -215.246049 -216.475103 -217.646757 -218.542369 -218.917972 -218.490731 -216.914709 -213.725395 -208.191351 -198.885965 -182.410345 -149.533682 -73.466201 0.000000 0.000000 0.000000 0.000000 0.000000 0.000000 
-289.429210 -273.106610 -260.162460 -250.421671 -243.371422 -238.507469 -235.398674 -233.686488 -233.069699 -233.287812 -234.106315 -235.304094 -236.662528 -237.955544 -238.939784 -239.343494 -238.851067 -237.074838 -233.489596 -227.255988 -216.708860 -197.828992 -159.621420 -70.069267 0.000000 0.000000 0.000000 0.000000 0.000000 0.000000 
-289.429210 -273.106610 -260.162460 -250.421671 -243.371422 -238.507469 -235.398674 -233.686488 -233.069699 -233.287812 -234.106315 -235.304094 -236.662528 -237.955544 -238.939784 -239.343494 -238.851067 -237.074838 -233.489596 -227.255988 -216.708860 -197.828992 -159.621420 -70.069267 0.000000 0.000000 0.000000 0.000000 0.000000 0.000000 
