0.000000 0.000000 0.000000 0.000000 0.000000 0.000000 0.000000 0.000000 0.000000 0.000000 0.000000 0.000000 0.000000 0.000000 0.000000 0.000000 0.000000 0.000000 0.000000 0.000000 0.000000 0.000000 0.000000 0.000000 0.000000 0.000000 0.000000 0.000000 0.000000 0.000000 
0.000000 0.000000 0.000000 0.000000 0.000000 0.000000 0.000000 0.000000 0.000000 0.000000 0.000000 0.000000 0.000000 0.000000 0.000000 0.000000 0.000000 0.000000 0.000000 0.000000 0.000000 0.000000 0.000000 0.000000 0.000000 0.000000 0.000000 0.000000 0.000000 0.000000 
0.000000 0.000000 0.000000 0.000000 0.000000 0.000000 0.000000 0.000000 0.000000 0.000000 0.000000 0.000000 0.000000 0.000000 0.000000 0.000000 0.000000 0.000000 0.000000 0.000000 0.000000 0.000000 0.000000 0.000000 0.000000 0.000000 0.000000 0.000000 0.000000 0.000000 
-22.995862 -22.564599 -21.677310 -20.847597 -20.199152 -19.739611 -19.445523 -19.288085 -19.240098 -19.277117 -19.376911 -19.518542 -19.681409 -19.844333 -19.984678 -20.077462 -20.094419 -20.002941 -19.764866 -19.334976 -18.659061 -17.671126 -16.288718 -14.403448 -11.858201 -8.385614 -3.431666 0.000000 0.000000 0.000000 
-23.531826 -23.095019 -22.196017 -21.354599 -20.695842 -20.227302 -19.925015 -19.759539 -19.702991 -19.730196 -19.818143 -19.945039 -20.089320 -20.228723 -20.339360 -20.394778 -20.364881 -20.214542 -19.901394 -19.371397 -18.547989 -17.302205 -15.365451 -12.068317 -5.550193 0.000000 0.000000 0.000000 0.000000 0.000000 
-23.693679 -23.254507 -22.350360 -21.503459 -20.839427 -20.365780 -20.058342 -19.887407 -19.824808 -19.845068 -19.924848 -20.041992 -20.174528 -20.299706 -20.393032 -20.427169 -20.370447 -20.184212 -19.816787 -19.187397 -18.139834 -16.304379 -12.680616 -4.370011 0.000000 0.000000 0.000000 0.000000 0.000000 0.000000 
-23.726704 -23.286977 -22.381610 -21.533380 -20.868030 -20.393067 -20.084266 -19.911860 -19.847613 -19.865977 -19.943537 -20.058045 -20.187425 -20.308787 -20.397415 -20.425522 -20.360336 -20.160129 -19.764201 -19.064637 -17.822895 -15.418647 -10.087738 0.000000 0.000000 0.000000 0.000000 0.000000 0.000000 0.000000 
-23.733045 -23.293203 -22.387581 -21.539067 -20.873431 -20.398178 -20.089072 -19.916332 -19.851709 -19.869640 -19.946691 -20.060596 -20.189251 -20.309726 -20.397216 -20.423722 -20.355876 -20.150195 -19.740697 -19.003443 -17.651105 -14.914678 -8.576696 0.000000 0.000000 0.000000 0.000000 0.000000 0.000000 0.000000 
-23.733045 -23.293203 -22.387581 -21.539067 -20.873431 -20.398178 -20.089072 -19.916332 -19.851709 -19.869640 -19.946691 -20.060596 -20.189251 -20.309726 -20.397216 -20.423722 -20.355876 -20.150195 -19.740697 -19.003443 -17.651105 -14.914678 -8.576696 0.000000 0.000000 0.000000 0.000000 0.000000 0.000000 0.000000 
-23.733045 -23.293203 -22.387581 -21.539067 -20.873431 -20.398178 -20.089072 -19.916332 -19.851709 -19.869640 -19.946691 -20.060596 -20.189251 -20.309726 -20.397216 -20.423722 -20.355876 -20.150195 -19.740697 -19.003443 -17.651105 -14.914678 -8.576696 0.000000 0.000000 0.000000 0.000000 0.000000 0.000000 0.000000 
-47.466091 -46.586407 -44.775161 -43.078134 -41.746862 -40.796357 -40.178144 -39.832664 -39.703418 -39.739279 -39.893381 -40.121192 -40.378503 -40.619453 -40.794432 -40.847445 -40.711752 -40.300390 -39.481395 -38.006885 -35.302209 -29.829356 -17.153392 0.000000 0.000000 0.000000 0.000000 0.000000 0.000000 0.000000 
-47.466091 -46.586407 -44.775161 -43.078134 -41.746862 -40.796357 -40.178144 -39.832664 -39.703418 -39.739279 -39.893381 -40.121192 -40.378503 -40.619453 -40.794432 -40.847445 -40.711752 -40.300390 -39.481395 -38.006885 -35.302209 -29.829356 -17.153392 0.000000 0.000000 0.000000 0.000000 0.000000 0.000000 0.000000 
-47.466091 -46.586407 -44.775161 -43.078134 -41.746862 -40.796357 -40.178144 -39.832664 -39.703418 -39.739279 -39.893381 -40.121192 -40.378503 -40.619453 -40.794432 -40.847445 -40.711752 -40.300390 -39.481395 -38.006885 -35.302209 -29.829356 -17.153392 0.000000 0.000000 0.000000 0.000000 0.000000 0.000000 0.000000 
-71.199136 -69.879610 -67.162742 -64.617201 -62.620294 -61.194535 -60.267217 -59.748996 -59.555127 -59.608919 -59.840072 -60.181787 -60.567754 -60.929179 -61.191648 -61.271167 -61.067628 -60.450585 -59.222092 -57.010328 -52.953314 -44.744033 -25.730088 0.000000 0.000000 0.000000 0.000000 0.000000 0.000000 0.000000 
-71.199136 -69.879610 -67.162742 -64.617201 -62.620294 -61.194535 -60.267217 -59.748996 -59.555127 -59.608919 -59.840072 -60.181787 -60.567754 -60.929179 -61.191648 -61.271167 -61.067628 -60.450585 -59.222092 -57.010328 -52.953314 -44.744033 -25.730088 0.000000 0.000000 0.000000 0.000000 0.000000 0.000000 0.000000 
-71.199136 -69.879610 -67.162742 -64.617201 -62.620294 -61.194535 -60.267217 -59.748996 -59.555127 -59.608919 -59.840072 -60.181787 -60.567754 -60.929179 -61.191648 -61.271167 -61.067628 -60.450585 -59.222092 -57.010328 -52.953314 -44.744033 -25.730088 0.000000 0.000000 0.000000 0.000000 0.000000 0.000000 0.000000 
-94.932181 -93.172814 -89.550323 -86.156268 -83.493725 -81.592713 -80.356289 -79.665328 -79.406835 -79.478558 -79.786762 -80.242383 -80.757006 -81.238906 -81.588864 -81.694890 -81.423504 -80.600780 -78.962790 -76.013770 -70.604419 -59.658711 -34.306784 0.000000 0.000000 0.000000 0.000000 0.000000 0.000000 0.000000 
-94.932181 -93.172814 -89.550323 -86.156268 -83.493725 -81.592713 -80.356289 -79.665328 -79.406835 -79.478558 -79.786762 -80.242383 -80.757006 -81.238906 -81.588864 -81.694890 -81.423504 -80.600780 -78.962790 -76.013770 -70.604419 -59.658711 -34.306784 0.000000 0.000000 0.000000 0.000000 0.000000 0.000000 0.000000 
-94.932181 -93.172814 -89.550323 -86.156268 -83.493725 -81.592713 -80.356289 -79.665328 -79.406835 -79.478558 -79.786762 -80.242383 -80.757006 -81.238906 -81.588864 -81.694890 -81.423504 -80.600780 -78.962790 -76.013770 -70.604419 -59.658711 -34.306784 0.000000 0.000000 0.000000 0.000000 0.000000 0.000000 0.000000 
-118.665226 -116.466017 -111.937904 -107.695335 -104.367156 -101.990892 -100.445361 -99.581660 -99.258544 -99.348198 -99.733453 -100.302979 -100.946257 -101.548632 -101.986080 -102.118612 -101.779380 -100.750975 -98.703487 -95.017213 -88.255523 -74.573389 -42.883481 0.000000 0.000000 0.000000 0.000000 0.000000 0.000000 0.000000 
-118.665226 -116.466017 -111.937904 -107.695335 -104.367156 -101.990892 -100.445361 -99.581660 -99.258544 -99.348198 -99.733453 -100.302979 -100.946257 -101.548632 -101.986080 -102.118612 -101.779380 -100.750975 -98.703487 -95.017213 -88.255523 -74.573389 -42.883481 0.000000 0.000000 0.000000 0.000000 0.000000 0.000000 0.000000 
-118.665226 -116.466017 -111.937904 -107.695335 -104.367156 -101.990892 -100.445361 -99.581660 -99.258544 -99.348198 -99.733453 -100.302979 -100.946257 -101.548632 -101.986080 -102.118612 -101.779380 -100.750975 -98.703487 -95.017213 -88.255523 -74.573389 -42.883481 0.000000 0.000000 0.000000 0.000000 0.000000 0.000000 0.000000 
-142.398272 -139.759221 -134.325484 -129.234402 -125.240587 -122.389070 -120.534433 -119.497992 -119.110253 -119.217837 -119.680143 -120.363575 -121.135509 -121.858359 -122.383296 -122.542335 -122.135256 -120.901171 -118.444185 -114.020655 -105.906628 -89.488067 -51.460177 0.000000 0.000000 0.000000 0.000000 0.000000 0.000000 0.000000 
-142.398272 -139.759221 -134.325484 -129.234402 -125.240587 -122.389070 -120.534433 -119.497992 -119.110253 -119.217837 -119.680143 -120.363575 -121.135509 -121.858359 -122.383296 -122.542335 -122.135256 -120.901171 -118.444185 -114.020655 -105.906628 -89.488067 -51.460177 0.000000 0.000000 0.000000 0.000000 0.000000 0.000000 0.000000 
-142.398272 -139.759221 -134.325484 -129.234402 -125.240587 -122.389070 -120.534433 -119.497992 -119.110253 -119.217837 -119.680143 -120.363575 -121.135509 -121.858359 -122.383296 -122.542335 -122.135256 -120.901171 -118.444185 -114.020655 -105.906628 -89.488067 -51.460177 0.000000 0.000000 0.000000 0.000000 0.000000 0.000000 0.000000 
-166.131317 -163.052424 -156.713065 -150.773469 -146.114019 -142.787248 -140.623505 -139.414324 -138.961962 -139.087477 -139.626834 -140.424171 -141.324760 -142.168085 -142.780512 -142.966057 -142.491132 -141.051366 -138.184882 -133.024098 -123.557733 -104.402745 -60.036873 0.000000 0.000000 0.000000 0.000000 0.000000 0.000000 0.000000 
-166.131317 -163.052424 -156.713065 -150.773469 -146.114019 -142.787248 -140.623505 -139.414324 -138.961962 -139.087477 -139.626834 -140.424171 -141.324760 -142.168085 -142.780512 -142.966057 -142.491132 -141.051366 -138.184882 -133.024098 -123.557733 -104.402745 -60.036873 0.000000 0.000000 0.000000 0.000000 0.000000 0.000000 0.000000 
-166.131317 -163.052424 -156.713065 -150.773469 -146.114019 -142.787248 -140.623505 -139.414324 -138.961962 -139.087477 -139.626834 -140.424171 -141.324760 -142.168085 -142.780512 -142.966057 -142.491132 -141.051366 -138.184882 -133.024098 -123.557733 -104.402745 -60.036873 0.000000 0.000000 0.000000 0.000000 0.000000 0.000000 0.000000 
-189.864362 -186.345628 -179.100646 -172.312536 -166.987450 -163.185427 -160.712577 -159.330656 -158.813671 -158.957116 -159.573524 -160.484767 -161.514012 -162.477812 -163.177728 -163.389780 -162.847008 -161.201561 -157.925580 -152.027540 -141.208837 -119.317423 -68.613569 0.000000 0.000000 0.000000 0.000000 0.000000 0.000000 0.000000 
-189.864362 -186.345628 -179.100646 -172.312536 -166.987450 -163.185427 -160.712577 -159.330656 -158.813671 -158.957116 -159.573524 -160.484767 -161.514012 -162.477812 -163.177728 -163.389780 -162.847008 -161.201561 -157.925580 -152.027540 -141.208837 -119.317423 -68.613569 0.000000 0.000000 0.000000 0.000000 0.000000 0.000000 0.000000 
-189.864362 -186.345628 -179.100646 -172.312536 -166.987450 -163.185427 -160.712577 -159.330656 -158.813671 -158.957116 -159.573524 -160.484767 -161.514012 -162.477812 -163.177728 -163.389780 -162.847008 -161.201561 -157.925580 -152.027540 -141.208837 -119.317423 -68.613569 0.000000 0.000000 0.000000 0.000000 0.000000 0.000000 0.000000 
-213.597407 -209.638831 -201.488226 -193.851603 -187.860881 -183.583605 -180.801650 -179.246988 -178.665380 -178.826756 -179.520215 -180.545362 -181.703263 -182.787538 -183.574945 -183.813502 -183.202884 -181.351756 -177.666277 -171.030983 -158.859942 -134.232100 -77.190265 0.000000 0.000000 0.000000 0.000000 0.000000 0.000000 0.000000 
-213.597407 -209.638831 -201.488226 -193.851603 -187.860881 -183.583605 -180.801650 -179.246988 -178.665380 -178.826756 -179.520215 -180.545362 -181.703263 -182.787538 -183.574945 -183.813502 -183.202884 -181.351756 -177.666277 -171.030983 -158.859942 -134.232100 -77.190265 0.000000 0.000000 0.000000 0.000000 0.000000 0.000000 0.000000 
-213.597407 -209.638831 -201.488226 -193.851603 -187.860881 -183.583605 -180.801650 -179.246988 -178.665380 -178.826756 -179.520215 -180.545362 -181.703263 -182.787538 -183.574945 -183.813502 -183.202884 -181.351756 -177.666277 -171.030983 -158.859942 -134.232100 -77.190265 0.000000 0.000000 0.000000 0.000000 0.000000 0.000000 0.000000 
-237.330453 -232.932034 -223.875807 -215.390670 -208.734312 -203.981783 -200.890722 -199.163320 -198.517089 -198.696395 -199.466906 -200.605958 -201.892515 -203.097265 -203.972161 -204.237225 -203.558760 -201.501951 -197.406975 -190.034426 -176.511047 -149.146778 -85.766961 0.000000 0.000000 0.000000 0.000000 0.000000 0.000000 0.000000 
-237.330453 -232.932034 -223.875807 -215.390670 -208.734312 -203.981783 -200.890722 -199.163320 -198.517089 -198.696395 -199.466906 -200.605958 -201.892515 -203.097265 -203.972161 -204.237225 -203.558760 -201.501951 -197.406975 -190.034426 -176.511047 -149.146778 -85.766961 0.000000 0.000000 0.000000 0.000000 0.000000 0.000000 0.000000 
