0.000000 0.000000 0.000000 0.000000 0.000000 0.000000 0.000000 0.000000 0.000000 0.000000 0.000000 0.000000 0.000000 0.000000 0.000000 0.000000 0.000000 0.000000 0.000000 0.000000 0.000000 0.000000 0.000000 0.000000 0.000000 0.000000 0.000000 0.000000 0.000000 0.000000 
0.000000 0.000000 0.000000 0.000000 0.000000 0.000000 0.000000 0.000000 0.000000 0.000000 0.000000 0.000000 0.000000 0.000000 0.000000 0.000000 0.000000 0.000000 0.000000 0.000000 0.000000 0.000000 0.000000 0.000000 0.000000 0.000000 0.000000 0.000000 0.000000 0.000000 
0.000000 0.000000 0.000000 0.000000 0.000000 0.000000 0.000000 0.000000 0.000000 0.000000 0.000000 0.000000 0.000000 0.000000 0.000000 0.000000 0.000000 0.000000 0.000000 0.000000 0.000000 0.000000 0.000000 0.000000 0.000000 0.000000 0.000000 0.000000 0.000000 0.000000 
-2.865074 -2.865037 -2.864929 -2.864752 -2.864511 -2.864211 -2.863853 -2.863443 -2.862985 -2.862481 -2.861937 -2.861355 -2.860740 -2.860097 -2.859428 -2.858738 -2.858031 -2.857311 -2.856583 -2.855850 -2.855117 -2.854387 -2.853666 -2.852958 -2.852267 -2.851598 -2.850955 -2.850344 -2.849768 -2.849232 
-0.282029 -0.282024 -0.282007 -0.281979 -0.281943 -0.281897 -0.281844 -0.281783 -0.281716 -0.281644 -0.281567 -0.281486 -0.281402 -0.281315 -0.281226 -0.281137 -0.281046 -0.280956 -0.280866 -0.280778 -0.280691 -0.280607 -0.280525 -0.280447 -0.280372 -0.280300 -0.280233 -0.280171 -0.280113 -0.280059 
-0.056487 -0.056486 -0.056482 -0.056477 -0.056470 -0.056462 -0.056452 -0.056440 -0.056428 -0.056414 -0.056399 -0.056384 -0.056368 -0.056351 -0.056334 -0.056317 -0.056300 -0.056283 -0.056265 -0.056248 -0.056232 -0.056215 -0.056199 -0.056184 -0.056169 -0.056155 -0.056142 -0.056129 -0.056118 -0.056107 
-0.024417 -0.024417 -0.024416 -0.024414 -0.024411 -0.024408 -0.024405 -0.024401 -0.024396 -0.024391 -0.024386 -0.024380 -0.024374 -0.024368 -0.024361 -0.024355 -0.024348 -0.024341 -0.024334 -0.024328 -0.024321 -0.024314 -0.024308 -0.024302 -0.024295 -0.024290 -0.024284 -0.024279 -0.024274 -0.024269 
-0.019680 -0.019680 -0.019679 -0.019677 -0.019676 -0.019673 -0.019671 -0.019668 -0.019664 -0.019660 -0.019656 -0.019652 -0.019648 -0.019643 -0.019638 -0.019633 -0.019628 -0.019623 -0.019617 -0.019612 -0.019607 -0.019602 -0.019597 -0.019592 -0.019587 -0.019582 -0.019578 -0.019574 -0.019570 -0.019566 
-0.018980 -0.018980 -0.018979 -0.018977 -0.018976 -0.018974 -0.018971 -0.018968 -0.018965 -0.018961 -0.018958 -0.018954 -0.018949 -0.018945 -0.018940 -0.018935 -0.018930 -0.018926 -0.018921 -0.018916 -0.018911 -0.018906 -0.018901 -0.018896 -0.018891 -0.018887 -0.018883 -0.018878 -0.018875 -0.018871 
-0.018876 -0.018876 -0.018875 -0.018874 -0.018872 -0.018870 -0.018868 -0.018865 -0.018862 -0.018858 -0.018854 -0.018850 -0.018846 -0.018842 -0.018837 -0.018832 -0.018827 -0.018823 -0.018818 -0.018813 -0.018808 -0.018803 -0.018798 -0.018793 -0.018789 -0.018784 -0.018780 -0.018776 -0.018772 -0.018768 
-0.018861 -0.018861 -0.018860 -0.018859 -0.018857 -0.018855 -0.018853 -0.018850 -0.018846 -0.018843 -0.018839 -0.018835 -0.018831 -0.018826 -0.018822 -0.018817 -0.018812 -0.018807 -0.018802 -0.018797 -0.018792 -0.018788 -0.018783 -0.018778 -0.018773 -0.018769 -0.018765 -0.018761 -0.018757 -0.018753 
-0.018859 -0.018859 -0.018858 -0.018857 -0.018855 -0.018853 -0.018850 -0.018847 -0.018844 -0.018841 -0.018837 -0.018833 -0.018829 -0.018824 -0.018820 -0.018815 -0.018810 -0.018805 -0.018800 -0.018795 -0.018790 -0.018785 -0.018780 -0.018776 -0.018771 -0.018767 -0.018762 -0.018758 -0.018755 -0.018751 
-0.018859 -0.018859 -0.018858 -0.018857 -0.018855 -0.018853 -0.018850 -0.018847 -0.018844 -0.018841 -0.018837 -0.018833 -0.018829 -0.018824 -0.018820 -0.018815 -0.018810 -0.018805 -0.018800 -0.018795 -0.018790 -0.018785 -0.018780 -0.018776 -0.018771 -0.018767 -0.018762 -0.018758 -0.018755 -0.018751 
-0.018859 -0.018859 -0.018858 -0.018857 -0.018855 -0.018853 -0.018850 -0.018847 -0.018844 -0.018841 -0.018837 -0.018833 -0.018829 -0.018824 -0.018820 -0.018815 -0.018810 -0.018805 -0.018800 -0.018795 -0.018790 -0.018785 -0.018780 -0.018776 -0.018771 -0.018767 -0.018762 -0.018758 -0.018755 -0.018751 
-2.073814 -2.073787 -2.073707 -2.073576 -2.073398 -2.073176 -2.072912 -2.072610 -2.072272 -2.071901 -2.071500 -2.071072 -2.070620 -2.070148 -2.069657 -2.069152 -2.068634 -2.068107 -2.067575 -2.067040 -2.066505 -2.065973 -2.065448 -2.064933 -2.064431 -2.063945 -2.063479 -2.063035 -2.062618 -2.062230 
-0.181114 -0.181110 -0.181100 -0.181083 -0.181060 -0.181031 -0.180998 -0.180960 -0.180918 -0.180873 -0.180825 -0.180774 -0.180721 -0.180666 -0.180611 -0.180554 -0.180497 -0.180440 -0.180383 -0.180327 -0.180272 -0.180218 -0.180166 -0.180116 -0.180068 -0.180023 -0.179980 -0.179940 -0.179903 -0.179869 
-0.041678 -0.041677 -0.041675 -0.041672 -0.041667 -0.041661 -0.041654 -0.041647 -0.041638 -0.041629 -0.041619 -0.041608 -0.041597 -0.041586 -0.041574 -0.041562 -0.041550 -0.041538 -0.041525 -0.041513 -0.041501 -0.041490 -0.041478 -0.041467 -0.041457 -0.041446 -0.041437 -0.041428 -0.041419 -0.041411 
-0.025000 -0.025000 -0.024998 -0.024997 -0.024994 -0.024991 -0.024988 -0.024984 -0.024979 -0.024975 -0.024969 -0.024964 -0.024958 -0.024952 -0.024946 -0.024939 -0.024933 -0.024926 -0.024919 -0.024912 -0.024906 -0.024899 -0.024893 -0.024886 -0.024880 -0.024874 -0.024868 -0.024863 -0.024858 -0.024853 
-0.022896 -0.022895 -0.022894 -0.022893 -0.022891 -0.022888 -0.022885 -0.022882 -0.022878 -0.022873 -0.022869 -0.022864 -0.022859 -0.022853 -0.022848 -0.022842 -0.022836 -0.022830 -0.022824 -0.022818 -0.022812 -0.022806 -0.022800 -0.022794 -0.022789 -0.022783 -0.022778 -0.022773 -0.022769 -0.022764 
-0.022629 -0.022628 -0.022627 -0.022626 -0.022624 -0.022621 -0.022618 -0.022615 -0.022611 -0.022607 -0.022602 -0.022597 -0.022592 -0.022587 -0.022581 -0.022576 -0.022570 -0.022564 -0.022558 -0.022552 -0.022546 -0.022540 -0.022534 -0.022529 -0.022523 -0.022518 -0.022513 -0.022508 -0.022503 -0.022499 
-0.022595 -0.022594 -0.022593 -0.022592 -0.022590 -0.022587 -0.022584 -0.022581 -0.022577 -0.022573 -0.022568 -0.022564 -0.022558 -0.022553 -0.022548 -0.022542 -0.022536 -0.022530 -0.022524 -0.022518 -0.022512 -0.022507 -0.022501 -0.022495 -0.022490 -0.022484 -0.022479 -0.022474 -0.022470 -0.022465 
-0.022590 -0.022590 -0.022589 -0.022588 -0.022586 -0.022583 -0.022580 -0.022577 -0.022573 -0.022569 -0.022564 -0.022559 -0.022554 -0.022549 -0.022543 -0.022538 -0.022532 -0.022526 -0.022520 -0.022514 -0.022508 -0.022502 -0.022496 -0.022491 -0.022485 -0.022480 -0.022475 -0.022470 -0.022465 -0.022461 
-0.022590 -0.022590 -0.022589 -0.022588 -0.022586 -0.022583 -0.022580 -0.022577 -0.022573 -0.022569 -0.022564 -0.022559 -0.022554 -0.022549 -0.022543 -0.022538 -0.022532 -0.022526 -0.022520 -0.022514 -0.022508 -0.022502 -0.022496 -0.022491 -0.022485 -0.022480 -0.022475 -0.022470 -0.022465 -0.022461 
-0.022590 -0.022590 -0.022589 -0.022588 -0.022586 -0.022583 -0.022580 -0.022577 -0.022573 -0.022569 -0.022564 -0.022559 -0.022554 -0.022549 -0.022543 -0.022538 -0.022532 -0.022526 -0.022520 -0.022514 -0.022508 -0.022502 -0.022496 -0.022491 -0.022485 -0.022480 -0.022475 -0.022470 -0.022465 -0.022461 
-1.777165 -1.777141 -1.777072 -1.776959 -1.776806 -1.776614 -1.776386 -1.776125 -1.775833 -1.775514 -1.775168 -1.774800 -1.774411 -1.774003 -1.773581 -1.773146 -1.772700 -1.772247 -1.771790 -1.771329 -1.770870 -1.770413 -1.769962 -1.769520 -1.769089 -1.768672 -1.768272 -1.767892 -1.767534 -1.767202 
-0.145428 -0.145425 -0.145417 -0.145403 -0.145385 -0.145363 -0.145336 -0.145306 -0.145273 -0.145238 -0.145199 -0.145159 -0.145117 -0.145074 -0.145029 -0.144984 -0.144939 -0.144894 -0.144848 -0.144804 -0.144760 -0.144717 -0.144676 -0.144636 -0.144597 -0.144561 -0.144527 -0.144494 -0.144465 -0.144437 
-0.037701 -0.037701 -0.037699 -0.037696 -0.037692 -0.037687 -0.037681 -0.037674 -0.037667 -0.037659 -0.037650 -0.037641 -0.037631 -0.037621 -0.037611 -0.037601 -0.037590 -0.037579 -0.037568 -0.037558 -0.037547 -0.037537 -0.037527 -0.037517 -0.037507 -0.037498 -0.037489 -0.037481 -0.037474 -0.037467 
-0.026232 -0.026231 -0.026230 -0.026228 -0.026226 -0.026223 -0.026219 -0.026215 -0.026211 -0.026206 -0.026200 -0.026195 -0.026188 -0.026182 -0.026176 -0.026169 -0.026162 -0.026155 -0.026148 -0.026141 -0.026134 -0.026127 -0.026121 -0.026114 -0.026107 -0.026101 -0.026095 -0.026090 -0.026084 -0.026079 
-0.024943 -0.024942 -0.024941 -0.024940 -0.024937 -0.024935 -0.024931 -0.024928 -0.024923 -0.024919 -0.024914 -0.024908 -0.024903 -0.024897 -0.024891 -0.024884 -0.024878 -0.024871 -0.024865 -0.024858 -0.024852 -0.024845 -0.024839 -0.024833 -0.024826 -0.024821 -0.024815 -0.024810 -0.024805 -0.024800 
-0.024797 -0.024797 -0.024796 -0.024794 -0.024792 -0.024789 -0.024786 -0.024782 -0.024778 -0.024773 -0.024768 -0.024763 -0.024757 -0.024751 -0.024745 -0.024739 -0.024733 -0.024726 -0.024720 -0.024713 -0.024707 -0.024700 -0.024694 -0.024688 -0.024682 -0.024676 -0.024670 -0.024665 -0.024660 -0.024655 
-0.024780 -0.024780 -0.024779 -0.024777 -0.024775 -0.024772 -0.024769 -0.024765 -0.024761 -0.024757 -0.024752 -0.024746 -0.024741 -0.024735 -0.024729 -0.024723 -0.024716 -0.024710 -0.024703 -0.024697 -0.024690 -0.024684 -0.024677 -0.024671 -0.024665 -0.024659 -0.024654 -0.024648 -0.024643 -0.024639 
-0.024779 -0.024778 -0.024777 -0.024776 -0.024773 -0.024771 -0.024767 -0.024764 -0.024759 -0.024755 -0.024750 -0.024744 -0.024739 -0.024733 -0.024727 -0.024721 -0.024714 -0.024708 -0.024701 -0.024695 -0.024688 -0.024682 -0.024676 -0.024669 -0.024663 -0.024657 -0.024652 -0.024647 -0.024642 -0.024637 
-0.024779 -0.024778 -0.024777 -0.024776 -0.024773 -0.024771 -0.024767 -0.024764 -0.024759 -0.024755 -0.024750 -0.024744 -0.024739 -0.024733 -0.024727 -0.024721 -0.024714 -0.024708 -0.024701 -0.024695 -0.024688 -0.024682 -0.024676 -0.024669 -0.024663 -0.024657 -0.024652 -0.024647 -0.024642 -0.024637 
-0.024779 -0.024778 -0.024777 -0.024776 -0.024773 -0.024771 -0.024767 -0.024764 -0.024759 -0.024755 -0.024750 -0.024744 -0.024739 -0.024733 -0.024727 -0.024721 -0.024714 -0.024708 -0.024701 -0.024695 -0.024688 -0.024682 -0.024676 -0.024669 -0.024663 -0.024657 -0.024652 -0.024647 -0.024642 -0.024637 
-1.578627 -1.578606 -1.578544 -1.578443 -1.578306 -1.578135 -1.577932 -1.577699 -1.577439 -1.577153 -1.576845 -1.576517 -1.576170 -1.575807 -1.575431 -1.575043 -1.574646 -1.574243 -1.573835 -1.573426 -1.573017 -1.572610 -1.572209 -1.571816 -1.571433 -1.571062 -1.570707 -1.570369 -1.570051 -1.569756 
-0.123565 -0.123562 -0.123555 -0.123544 -0.123529 -0.123510 -0.123488 -0.123463 -0.123435 -0.123405 -0.123373 -0.123339 -0.123304 -0.123267 -0.123230 -0.123192 -0.123154 -0.123116 -0.123078 -0.123040 -0.123003 -0.122967 -0.122932 -0.122898 -0.122866 -0.122835 -0.122806 -0.122778 -0.122753 -0.122730 
-0.035693 -0.035693 -0.035691 -0.035688 -0.035685 -0.035680 -0.035675 -0.035668 -0.035662 -0.035654 -0.035646 -0.035638 -0.035629 -0.035620 -0.035610 -0.035600 -0.035591 -0.035581 -0.035571 -0.035561 -0.035551 -0.035541 -0.035532 -0.035522 -0.035513 -0.035505 -0.035497 -0.035489 -0.035482 -0.035475 
-0.027179 -0.027178 -0.027177 -0.027175 -0.027173 -0.027170 -0.027166 -0.027162 -0.027157 -0.027152 -0.027146 -0.027141 -0.027134 -0.027128 -0.027121 -0.027114 -0.027107 -0.027100 -0.027093 -0.027086 -0.027078 -0.027071 -0.027064 -0.027057 -0.027051 -0.027044 -0.027038 -0.027032 -0.027027 -0.027022 
-0.026308 -0.026308 -0.026307 -0.026305 -0.026303 -0.026300 -0.026296 -0.026292 -0.026288 -0.026283 -0.026277 -0.026272 -0.026266 -0.026260 -0.026253 -0.026247 -0.026240 -0.026233 -0.026226 -0.026219 -0.026212 -0.026205 -0.026199 -0.026192 -0.026186 -0.026179 -0.026173 -0.026168 -0.026162 -0.026157 
-0.026218 -0.026218 -0.026217 -0.026215 -0.026213 -0.026210 -0.026206 -0.026202 -0.026198 -0.026193 -0.026188 -0.026182 -0.026176 -0.026170 -0.026164 -0.026157 -0.026150 -0.026144 -0.026137 -0.026130 -0.026123 -0.026116 -0.026109 -0.026103 -0.026096 -0.026090 -0.026084 -0.026079 -0.026073 -0.026068 
-0.026209 -0.026209 -0.026208 -0.026206 -0.026204 -0.026201 -0.026197 -0.026193 -0.026189 -0.026184 -0.026179 -0.026173 -0.026167 -0.026161 -0.026155 -0.026148 -0.026141 -0.026134 -0.026128 -0.026121 -0.026114 -0.026107 -0.026100 -0.026094 -0.026087 -0.026081 -0.026075 -0.026070 -0.026064 -0.026059 
-0.026208 -0.026208 -0.026207 -0.026205 -0.026203 -0.026200 -0.026196 -0.026192 -0.026188 -0.026183 -0.026178 -0.026172 -0.026166 -0.026160 -0.026154 -0.026147 -0.026140 -0.026134 -0.026127 -0.026120 -0.026113 -0.026106 -0.026099 -0.026093 -0.026086 -0.026080 -0.026074 -0.026069 -0.026063 -0.026058 
-0.026208 -0.026208 -0.026207 -0.026205 -0.026203 -0.026200 -0.026196 -0.026192 -0.026188 -0.026183 -0.026178 -0.026172 -0.026166 -0.026160 -0.026154 -0.026147 -0.026140 -0.026134 -0.026127 -0.026120 -0.026113 -0.026106 -0.026099 -0.026093 -0.026086 -0.026080 -0.026074 -0.026069 -0.026063 -0.026058 
-0.026208 -0.026208 -0.026207 -0.026205 -0.026203 -0.026200 -0.026196 -0.026192 -0.026188 -0.026183 -0.026178 -0.026172 -0.026166 -0.026160 -0.026154 -0.026147 -0.026140 -0.026134 -0.026127 -0.026120 -0.026113 -0.026106 -0.026099 -0.026093 -0.026086 -0.026080 -0.026074 -0.026069 -0.026063 -0.026058 
-1.433770 -1.433750 -1.433694 -1.433602 -1.433477 -1.433321 -1.433136 -1.432924 -1.432687 -1.432427 -1.432147 -1.431847 -1.431531 -1.431201 -1.430858 -1.430506 -1.430145 -1.429778 -1.429407 -1.429034 -1.428662 -1.428293 -1.427928 -1.427571 -1.427222 -1.426886 -1.426563 -1.426256 -1.425967 -1.425699 
-0.108739 -0.108737 -0.108731 -0.108721 -0.108708 -0.108691 -0.108672 -0.108650 -0.108626 -0.108600 -0.108572 -0.108543 -0.108512 -0.108480 -0.108448 -0.108415 -0.108381 -0.108348 -0.108315 -0.108282 -0.108249 -0.108218 -0.108187 -0.108157 -0.108129 -0.108102 -0.108076 -0.108052 -0.108030 -0.108009 
-0.034541 -0.034540 -0.034538 -0.034536 -0.034532 -0.034528 -0.034523 -0.034517 -0.034511 -0.034504 -0.034496 -0.034488 -0.034480 -0.034471 -0.034462 -0.034453 -0.034443 -0.034434 -0.034424 -0.034415 -0.034405 -0.034396 -0.034387 -0.034378 -0.034369 -0.034361 -0.034353 -0.034346 -0.034339 -0.034332 
-0.027901 -0.027900 -0.027899 -0.027897 -0.027895 -0.027891 -0.027888 -0.027883 -0.027879 -0.027873 -0.027868 -0.027862 -0.027855 -0.027849 -0.027842 -0.027835 -0.027828 -0.027820 -0.027813 -0.027805 -0.027798 -0.027791 -0.027784 -0.027777 -0.027770 -0.027763 -0.027757 -0.027751 -0.027745 -0.027740 
-0.027274 -0.027273 -0.027272 -0.027270 -0.027268 -0.027265 -0.027261 -0.027257 -0.027252 -0.027247 -0.027242 -0.027236 -0.027230 -0.027223 -0.027217 -0.027210 -0.027203 -0.027196 -0.027189 -0.027182 -0.027174 -0.027167 -0.027160 -0.027153 -0.027147 -0.027140 -0.027134 -0.027128 -0.027123 -0.027118 
-0.027214 -0.027214 -0.027213 -0.027211 -0.027208 -0.027205 -0.027202 -0.027198 -0.027193 -0.027188 -0.027182 -0.027177 -0.027170 -0.027164 -0.027157 -0.027151 -0.027144 -0.027137 -0.027129 -0.027122 -0.027115 -0.027108 -0.027101 -0.027094 -0.027088 -0.027081 -0.027075 -0.027069 -0.027064 -0.027059 
-0.027209 -0.027208 -0.027207 -0.027205 -0.027203 -0.027200 -0.027196 -0.027192 -0.027187 -0.027182 -0.027177 -0.027171 -0.027165 -0.027158 -0.027152 -0.027145 -0.027138 -0.027131 -0.027124 -0.027117 -0.027109 -0.027102 -0.027095 -0.027089 -0.027082 -0.027075 -0.027069 -0.027063 -0.027058 -0.027053 
-0.027209 -0.027208 -0.027207 -0.027205 -0.027203 -0.027200 -0.027196 -0.027192 -0.027187 -0.027182 -0.027177 -0.027171 -0.027165 -0.027158 -0.027152 -0.027145 -0.027138 -0.027131 -0.027124 -0.027117 -0.027109 -0.027102 -0.027095 -0.027089 -0.027082 -0.027075 -0.027069 -0.027063 -0.027058 -0.027053 
-0.027209 -0.027208 -0.027207 -0.027205 -0.027203 -0.027200 -0.027196 -0.027192 -0.027187 -0.027182 -0.027177 -0.027171 -0.027165 -0.027158 -0.027152 -0.027145 -0.027138 -0.027131 -0.027124 -0.027117 -0.027109 -0.027102 -0.027095 -0.027089 -0.027082 -0.027075 -0.027069 -0.027063 -0.027058 -0.027053 
-1.322108 -1.322090 -1.322038 -1.321953 -1.321837 -1.321693 -1.321522 -1.321326 -1.321107 -1.320867 -1.320607 -1.320331 -1.320039 -1.319734 -1.319417 -1.319091 -1.318758 -1.318419 -1.318077 -1.317733 -1.317389 -1.317049 -1.316712 -1.316382 -1.316061 -1.315750 -1.315452 -1.315169 -1.314903 -1.314656 
-0.098009 -0.098007 -0.098002 -0.097993 -0.097982 -0.097967 -0.097950 -0.097930 -0.097909 -0.097885 -0.097861 -0.097834 -0.097807 -0.097778 -0.097749 -0.097720 -0.097690 -0.097660 -0.097630 -0.097601 -0.097572 -0.097543 -0.097516 -0.097489 -0.097464 -0.097439 -0.097416 -0.097395 -0.097375 -0.097356 
-0.033820 -0.033820 -0.033818 -0.033816 -0.033813 -0.033809 -0.033804 -0.033798 -0.033792 -0.033785 -0.033778 -0.033770 -0.033762 -0.033753 -0.033745 -0.033736 -0.033727 -0.033717 -0.033708 -0.033699 -0.033690 -0.033681 -0.033672 -0.033663 -0.033655 -0.033647 -0.033639 -0.033632 -0.033625 -0.033618 
-0.028459 -0.028458 -0.028457 -0.028455 -0.028453 -0.028449 -0.028446 -0.028441 -0.028436 -0.028431 -0.028425 -0.028419 -0.028413 -0.028406 -0.028399 -0.028392 -0.028384 -0.028377 -0.028369 -0.028362 -0.028354 -0.028347 -0.028340 -0.028333 -0.028326 -0.028319 -0.028312 -0.028306 -0.028301 -0.028295 
-0.027986 -0.027986 -0.027985 -0.027983 -0.027981 -0.027977 -0.027974 -0.027969 -0.027965 -0.027959 -0.027954 -0.027948 -0.027942 -0.027935 -0.027928 -0.027921 -0.027914 -0.027907 -0.027899 -0.027892 -0.027885 -0.027877 -0.027870 -0.027863 -0.027856 -0.027850 -0.027843 -0.027837 -0.027832 -0.027826 
-0.027945 -0.027944 -0.027943 -0.027941 -0.027939 -0.027936 -0.027932 -0.027928 -0.027923 -0.027918 -0.027912 -0.027906 -0.027900 -0.027893 -0.027886 -0.027879 -0.027872 -0.027865 -0.027858 -0.027850 -0.027843 -0.027836 -0.027828 -0.027821 -0.027815 -0.027808 -0.027802 -0.027796 -0.027790 -0.027785 
-0.027941 -0.027940 -0.027939 -0.027937 -0.027935 -0.027932 -0.027928 -0.027924 -0.027919 -0.027914 -0.027908 -0.027902 -0.027896 -0.027889 -0.027883 -0.027876 -0.027868 -0.027861 -0.027854 -0.027846 -0.027839 -0.027832 -0.027825 -0.027818 -0.027811 -0.027804 -0.027798 -0.027792 -0.027786 -0.027781 
-0.027941 -0.027940 -0.027939 -0.027937 -0.027935 -0.027932 -0.027928 -0.027924 -0.027919 -0.027914 -0.027908 -0.027902 -0.027896 -0.027889 -0.027883 -0.027876 -0.027868 -0.027861 -0.027854 -0.027846 -0.027839 -0.027832 -0.027825 -0.027818 -0.027811 -0.027804 -0.027798 -0.027792 -0.027786 -0.027781 
-0.027941 -0.027940 -0.027939 -0.027937 -0.027935 -0.027932 -0.027928 -0.027924 -0.027919 -0.027914 -0.027908 -0.027902 -0.027896 -0.027889 -0.027883 -0.027876 -0.027868 -0.027861 -0.027854 -0.027846 -0.027839 -0.027832 -0.027825 -0.027818 -0.027811 -0.027804 -0.027798 -0.027792 -0.027786 -0.027781 
-1.232670 -1.232653 -1.232604 -1.232525 -1.232417 -1.232282 -1.232122 -1.231939 -1.231735 -1.231510 -1.231268 -1.231010 -1.230737 -1.230453 -1.230157 -1.229853 -1.229541 -1.229225 -1.228906 -1.228585 -1.228264 -1.227946 -1.227632 -1.227325 -1.227025 -1.226735 -1.226457 -1.226193 -1.225945 -1.225714 
-0.089880 -0.089878 -0.089873 -0.089865 -0.089855 -0.089841 -0.089826 -0.089808 -0.089789 -0.089767 -0.089745 -0.089721 -0.089696 -0.089670 -0.089644 -0.089617 -0.089590 -0.089562 -0.089535 -0.089508 -0.089482 -0.089456 -0.089431 -0.089406 -0.089383 -0.089361 -0.089340 -0.089320 -0.089301 -0.089284 
-0.033342 -0.033341 -0.033340 -0.033337 -0.033334 -0.033330 -0.033325 -0.033320 -0.033314 -0.033307 -0.033300 -0.033292 -0.033284 -0.033276 -0.033268 -0.033259 -0.033250 -0.033241 -0.033232 -0.033223 -0.033214 -0.033205 -0.033196 -0.033188 -0.033179 -0.033171 -0.033164 -0.033157 -0.033150 -0.033144 
-0.028898 -0.028897 -0.028896 -0.028894 -0.028892 -0.028888 -0.028884 -0.028880 -0.028875 -0.028870 -0.028864 -0.028858 -0.028851 -0.028844 -0.028837 -0.028830 -0.028822 -0.028815 -0.028807 -0.028800 -0.028792 -0.028784 -0.028777 -0.028770 -0.028763 -0.028756 -0.028749 -0.028743 -0.028737 -0.028732 
-0.028529 -0.028529 -0.028528 -0.028526 -0.028523 -0.028520 -0.028516 -0.028512 -0.028507 -0.028502 -0.028496 -0.028490 -0.028484 -0.028477 -0.028470 -0.028463 -0.028456 -0.028448 -0.028441 -0.028433 -0.028426 -0.028418 -0.028411 -0.028404 -0.028397 -0.028390 -0.028383 -0.028377 -0.028372 -0.028366 
-0.028499 -0.028498 -0.028497 -0.028495 -0.028493 -0.028490 -0.028486 -0.028481 -0.028477 -0.028471 -0.028466 -0.028459 -0.028453 -0.028446 -0.028439 -0.028432 -0.028425 -0.028418 -0.028410 -0.028403 -0.028395 -0.028388 -0.028380 -0.028373 -0.028366 -0.028359 -0.028353 -0.028347 -0.028341 -0.028336 
-0.028496 -0.028496 -0.028495 -0.028493 -0.028490 -0.028487 -0.028483 -0.028479 -0.028474 -0.028469 -0.028463 -0.028457 -0.028450 -0.028444 -0.028437 -0.028430 -0.028422 -0.028415 -0.028407 -0.028400 -0.028392 -0.028385 -0.028378 -0.028371 -0.028364 -0.028357 -0.028350 -0.028344 -0.028339 -0.028333 
-0.028496 -0.028496 -0.028495 -0.028493 -0.028490 -0.028487 -0.028483 -0.028479 -0.028474 -0.028469 -0.028463 -0.028457 -0.028450 -0.028444 -0.028437 -0.028430 -0.028422 -0.028415 -0.028407 -0.028400 -0.028392 -0.028385 -0.028378 -0.028371 -0.028364 -0.028357 -0.028350 -0.028344 -0.028339 -0.028333 
-0.028496 -0.028496 -0.028495 -0.028493 -0.028490 -0.028487 -0.028483 -0.028479 -0.028474 -0.028469 -0.028463 -0.028457 -0.028450 -0.028444 -0.028437 -0.028430 -0.028422 -0.028415 -0.028407 -0.028400 -0.028392 -0.028385 -0.028378 -0.028371 -0.028364 -0.028357 -0.028350 -0.028344 -0.028339 -0.028333 
-1.158972 -1.158956 -1.158910 -1.158836 -1.158734 -1.158607 -1.158456 -1.158284 -1.158091 -1.157880 -1.157652 -1.157409 -1.157152 -1.156884 -1.156606 -1.156320 -1.156027 -1.155729 -1.155428 -1.155126 -1.154825 -1.154526 -1.154230 -1.153941 -1.153659 -1.153386 -1.153125 -1.152877 -1.152643 -1.152427 
-0.083505 -0.083504 -0.083499 -0.083492 -0.083482 -0.083470 -0.083456 -0.083440 -0.083422 -0.083402 -0.083381 -0.083359 -0.083336 -0.083312 -0.083288 -0.083263 -0.083238 -0.083213 -0.083188 -0.083163 -0.083138 -0.083115 -0.083091 -0.083069 -0.083047 -0.083026 -0.083007 -0.082988 -0.082971 -0.082956 
-0.033007 -0.033006 -0.033005 -0.033003 -0.032999 -0.032995 -0.032991 -0.032985 -0.032980 -0.032973 -0.032966 -0.032959 -0.032951 -0.032943 -0.032934 -0.032926 -0.032917 -0.032908 -0.032899 -0.032890 -0.032881 -0.032873 -0.032864 -0.032856 -0.032847 -0.032840 -0.032832 -0.032825 -0.032818 -0.032812 
-0.029248 -0.029248 -0.029247 -0.029245 -0.029242 -0.029239 -0.029235 -0.029230 -0.029225 -0.029220 -0.029214 -0.029208 -0.029201 -0.029194 -0.029187 -0.029180 -0.029172 -0.029164 -0.029157 -0.029149 -0.029141 -0.029134 -0.029126 -0.029119 -0.029112 -0.029105 -0.029098 -0.029092 -0.029086 -0.029081 
-0.028954 -0.028953 -0.028952 -0.028950 -0.028947 -0.028944 -0.028940 -0.028936 -0.028931 -0.028926 -0.028920 -0.028914 -0.028907 -0.028900 -0.028893 -0.028886 -0.028878 -0.028871 -0.028863 -0.028856 -0.028848 -0.028841 -0.028833 -0.028826 -0.028819 -0.028812 -0.028805 -0.028799 -0.028793 -0.028788 
-0.028930 -0.028930 -0.028929 -0.028927 -0.028924 -0.028921 -0.028917 -0.028913 -0.028908 -0.028902 -0.028897 -0.028890 -0.028884 -0.028877 -0.028870 -0.028863 -0.028855 -0.028848 -0.028840 -0.028833 -0.028825 -0.028817 -0.028810 -0.028803 -0.028796 -0.028789 -0.028782 -0.028776 -0.028770 -0.028765 
-0.028928 -0.028928 -0.028927 -0.028925 -0.028922 -0.028919 -0.028915 -0.028911 -0.028906 -0.028901 -0.028895 -0.028889 -0.028882 -0.028875 -0.028868 -0.028861 -0.028853 -0.028846 -0.028838 -0.028831 -0.028823 -0.028816 -0.028808 -0.028801 -0.028794 -0.028787 -0.028780 -0.028774 -0.028768 -0.028763 
-0.028928 -0.028928 -0.028927 -0.028925 -0.028922 -0.028919 -0.028915 -0.028911 -0.028906 -0.028901 -0.028895 -0.028889 -0.028882 -0.028875 -0.028868 -0.028861 -0.028853 -0.028846 -0.028838 -0.028831 -0.028823 -0.028816 -0.028808 -0.028801 -0.028794 -0.028787 -0.028780 -0.028774 -0.028768 -0.028763 
-0.028928 -0.028928 -0.028927 -0.028925 -0.028922 -0.028919 -0.028915 -0.028911 -0.028906 -0.028901 -0.028895 -0.028889 -0.028882 -0.028875 -0.028868 -0.028861 -0.028853 -0.028846 -0.028838 -0.028831 -0.028823 -0.028816 -0.028808 -0.028801 -0.028794 -0.028787 -0.028780 -0.028774 -0.028768 -0.028763 
-1.096902 -1.096887 -1.096844 -1.096773 -1.096676 -1.096556 -1.096413 -1.096250 -1.096067 -1.095867 -1.095651 -1.095421 -1.095178 -1.094924 -1.094660 -1.094389 -1.094111 -1.093829 -1.093545 -1.093259 -1.092973 -1.092690 -1.092410 -1.092136 -1.091869 -1.091611 -1.091364 -1.091129 -1.090908 -1.090703 
-0.078372 -0.078371 -0.078367 -0.078360 -0.078351 -0.078340 -0.078326 -0.078311 -0.078294 -0.078276 -0.078257 -0.078236 -0.078215 -0.078193 -0.078170 -0.078147 -0.078123 -0.078100 -0.078077 -0.078053 -0.078030 -0.078008 -0.077986 -0.077965 -0.077945 -0.077925 -0.077907 -0.077890 -0.077874 -0.077859 
-0.032763 -0.032763 -0.032761 -0.032759 -0.032756 -0.032752 -0.032748 -0.032742 -0.032736 -0.032730 -0.032723 -0.032716 -0.032708 -0.032700 -0.032692 -0.032683 -0.032675 -0.032666 -0.032657 -0.032648 -0.032639 -0.032631 -0.032622 -0.032614 -0.032606 -0.032598 -0.032591 -0.032584 -0.032577 -0.032571 
-0.029532 -0.029532 -0.029531 -0.029529 -0.029526 -0.029523 -0.029519 -0.029514 -0.029509 -0.029504 -0.029498 -0.029491 -0.029485 -0.029478 -0.029470 -0.029463 -0.029455 -0.029448 -0.029440 -0.029432 -0.029424 -0.029417 -0.029409 -0.029402 -0.029394 -0.029387 -0.029381 -0.029374 -0.029368 -0.029363 
-0.029291 -0.029291 -0.029290 -0.029288 -0.029285 -0.029282 -0.029278 -0.029273 -0.029268 -0.029263 -0.029257 -0.029251 -0.029244 -0.029237 -0.029230 -0.029223 -0.029215 -0.029208 -0.029200 -0.029192 -0.029184 -0.029177 -0.029169 -0.029162 -0.029155 -0.029148 -0.029141 -0.029135 -0.029129 -0.029124 
-0.029273 -0.029273 -0.029271 -0.029269 -0.029267 -0.029264 -0.029260 -0.029255 -0.029250 -0.029245 -0.029239 -0.029233 -0.029226 -0.029219 -0.029212 -0.029205 -0.029197 -0.029190 -0.029182 -0.029174 -0.029166 -0.029159 -0.029151 -0.029144 -0.029137 -0.029130 -0.029123 -0.029117 -0.029111 -0.029106 
-0.029272 -0.029271 -0.029270 -0.029268 -0.029265 -0.029262 -0.029258 -0.029254 -0.029249 -0.029243 -0.029238 -0.029231 -0.029225 -0.029218 -0.029211 -0.029203 -0.029196 -0.029188 -0.029180 -0.029173 -0.029165 -0.029157 -0.029150 -0.029143 -0.029135 -0.029129 -0.029122 -0.029116 -0.029110 -0.029104 
-0.029272 -0.029271 -0.029270 -0.029268 -0.029265 -0.029262 -0.029258 -0.029254 -0.029249 -0.029243 -0.029238 -0.029231 -0.029225 -0.029218 -0.029211 -0.029203 -0.029196 -0.029188 -0.029180 -0.029173 -0.029165 -0.029157 -0.029150 -0.029143 -0.029135 -0.029129 -0.029122 -0.029116 -0.029110 -0.029104 
-0.029272 -0.029271 -0.029270 -0.029268 -0.029265 -0.029262 -0.029258 -0.029254 -0.029249 -0.029243 -0.029238 -0.029231 -0.029225 -0.029218 -0.029211 -0.029203 -0.029196 -0.029188 -0.029180 -0.029173 -0.029165 -0.029157 -0.029150 -0.029143 -0.029135 -0.029129 -0.029122 -0.029116 -0.029110 -0.029104 
-1.043709 -1.043695 -1.043653 -1.043586 -1.043494 -1.043379 -1.043243 -1.043087 -1.042913 -1.042723 -1.042517 -1.042298 -1.042066 -1.041824 -1.041573 -1.041315 -1.041051 -1.040782 -1.040511 -1.040239 -1.039967 -1.039697 -1.039431 -1.039170 -1.038916 -1.038671 -1.038435 -1.038212 -1.038002 -1.037806 
-0.074150 -0.074148 -0.074145 -0.074138 -0.074130 -0.074119 -0.074107 -0.074092 -0.074077 -0.074060 -0.074041 -0.074022 -0.074002 -0.073981 -0.073960 -0.073938 -0.073916 -0.073894 -0.073872 -0.073850 -0.073828 -0.073807 -0.073787 -0.073767 -0.073748 -0.073729 -0.073712 -0.073696 -0.073681 -0.073667 
-0.032580 -0.032579 -0.032578 -0.032576 -0.032573 -0.032569 -0.032564 -0.032559 -0.032553 -0.032547 -0.032540 -0.032533 -0.032525 -0.032517 -0.032509 -0.032501 -0.032492 -0.032483 -0.032475 -0.032466 -0.032457 -0.032449 -0.032440 -0.032432 -0.032424 -0.032416 -0.032409 -0.032402 -0.032395 -0.032389 
-0.029765 -0.029764 -0.029763 -0.029761 -0.029758 -0.029755 -0.029751 -0.029747 -0.029742 -0.029736 -0.029730 -0.029724 -0.029717 -0.029710 -0.029703 -0.029695 -0.029687 -0.029680 -0.029672 -0.029664 -0.029656 -0.029648 -0.029641 -0.029633 -0.029626 -0.029619 -0.029612 -0.029606 -0.029600 -0.029594 
-0.029564 -0.029564 -0.029562 -0.029560 -0.029558 -0.029555 -0.029551 -0.029546 -0.029541 -0.029536 -0.029530 -0.029523 -0.029517 -0.029510 -0.029502 -0.029495 -0.029487 -0.029480 -0.029472 -0.029464 -0.029456 -0.029449 -0.029441 -0.029434 -0.029426 -0.029419 -0.029413 -0.029406 -0.029400 -0.029395 
-0.029550 -0.029549 -0.029548 -0.029546 -0.029543 -0.029540 -0.029536 -0.029532 -0.029527 -0.029521 -0.029515 -0.029509 -0.029502 -0.029495 -0.029488 -0.029481 -0.029473 -0.029465 -0.029458 -0.029450 -0.029442 -0.029434 -0.029427 -0.029419 -0.029412 -0.029405 -0.029398 -0.029392 -0.029386 -0.029381 
-0.029549 -0.029548 -0.029547 -0.029545 -0.029542 -0.029539 -0.029535 -0.029531 -0.029526 -0.029520 -0.029514 -0.029508 -0.029501 -0.029494 -0.029487 -0.029480 -0.029472 -0.029464 -0.029457 -0.029449 -0.029441 -0.029433 -0.029426 -0.029418 -0.029411 -0.029404 -0.029397 -0.029391 -0.029385 -0.029380 
-0.029549 -0.029548 -0.029547 -0.029545 -0.029542 -0.029539 -0.029535 -0.029531 -0.029526 -0.029520 -0.029514 -0.029508 -0.029501 -0.029494 -0.029487 -0.029480 -0.029472 -0.029464 -0.029457 -0.029449 -0.029441 -0.029433 -0.029426 -0.029418 -0.029411 -0.029404 -0.029397 -0.029391 -0.029385 -0.029380 
